0.1114877462387085
0.10084027051925659
0.09908345341682434
0.19629153609275818
0.2101839780807495
0.6340578198432922
0.026585549116134644
0.09254196286201477
0.06979027390480042
0.3192657232284546
0.07862922549247742
0.37110888957977295
0.06310117244720459
0.17932724952697754
0.09447845816612244
0.17271962761878967
0.176934152841568
0.12468981742858887
0.08778217434883118
0.14653712511062622
0.10091698169708252
0.04556336998939514
0.10820803046226501
0.07551845908164978
0.10659036040306091
0.05159369111061096
0.2222886085510254
0.6706532835960388
0.12769317626953125
0.28179359436035156
0.23128968477249146
0.30160319805145264
0.11021760106086731
0.16144505143165588
0.04764702916145325
0.16474810242652893
0.6090508699417114
0.07366710901260376
0.10619652271270752
0.05847039818763733
0.04456108808517456
0.12002968788146973
0.21776214241981506
0.7111979722976685
0.7960802912712097
0.10743051767349243
0.8444651365280151
0.017602920532226562
0.08940398693084717
0.12695640325546265
0.19629153609275818
0.532065749168396
0.06238093972206116
0.06979027390480042
0.07862922549247742
0.37110888957977295
0.17932724952697754
0.176934152841568
0.8688827157020569
0.12468981742858887
0.14653712511062622
0.202754408121109
0.509925901889801
0.49326202273368835
0.3329329490661621
0.6706532835960388
0.6619119644165039
0.12769317626953125
0.296599805355072
0.7431555986404419
0.11021760106086731
0.4236467480659485
0.13706645369529724
0.16205114126205444
0.21776214241981506
0.2482789158821106
0.18156561255455017
0.0815114676952362
0.8444651365280151
0.16608846187591553
0.5938791036605835
0.08940398693084717
0.14978450536727905
0.12695640325546265
0.6065933704376221
0.03685736656188965
0.6340578198432922
0.37110888957977295
0.176934152841568
0.8688827157020569
0.4899217486381531
0.14653712511062622
0.10820803046226501
0.07551845908164978
0.6619119644165039
0.12769317626953125
0.7431555986404419
0.16144505143165588
0.16205114126205444
0.4034021198749542
0.04456108808517456
0.21776214241981506
0.13700205087661743
0.7960802912712097
0.2231045961380005
0.0815114676952362
0.16608846187591553
0.1114877462387085
0.10084027051925659
0.14978450536727905
0.12695640325546265
0.19629153609275818
0.026585549116134644
0.09254196286201477
0.3192657232284546
0.07862922549247742
0.06310117244720459
0.10820803046226501
0.10659036040306091
0.05159369111061096
0.3329329490661621
0.6619119644165039
0.12769317626953125
0.28179359436035156
0.06407922506332397
0.16144505143165588
0.04764702916145325
0.16474810242652893
0.13706645369529724
0.10619652271270752
0.18156561255455017
0.16242250800132751
0.10743051767349243
0.3192657232284546
0.06310117244720459
0.176934152841568
0.08766967058181763
0.4899217486381531
0.12468981742858887
0.4775184988975525
0.14653712511062622
0.10091698169708252
0.509925901889801
0.07551845908164978
0.14311322569847107
0.28179359436035156
0.296599805355072
0.18156561255455017
0.5203105211257935
0.14978450536727905
0.6065933704376221
0.03685736656188965
0.37110888957977295
0.8688827157020569
0.4899217486381531
0.14653712511062622
0.10820803046226501
0.21776214241981506
0.13700205087661743
0.7960802912712097
0.2231045961380005
0.0815114676952362
0.16608846187591553
0.12695640325546265
0.19629153609275818
0.6340578198432922
0.06979027390480042
0.09447845816612244
0.176934152841568
0.10091698169708252
0.30160319805145264
0.06407922506332397
0.13706645369529724
0.05847039818763733
0.04456108808517456
0.21776214241981506
0.0815114676952362
0.8444651365280151
0.14978450536727905
0.532065749168396
0.37110888957977295
0.176934152841568
0.8688827157020569
0.12468981742858887
0.2222886085510254
0.296599805355072
0.11835676431655884
0.18156561255455017
0.37110888957977295
0.12468981742858887
0.49326202273368835
0.3329329490661621
0.6619119644165039
0.296599805355072
0.16205114126205444
0.2482789158821106
0.18156561255455017
0.5938791036605835
0.12695640325546265
0.026585549116134644
0.06979027390480042
0.050150662660598755
0.05159369111061096
0.11835676431655884
0.10619652271270752
0.05847039818763733
0.6617933511734009
0.08940398693084717
